+-----------+---------------------+------------------+
|   User ID |   Number of Ratings |   Average Rating |
|-----------+---------------------+------------------|
|     11676 |               11144 |            4.583 |
|    198711 |                6456 |            0.019 |
|    153662 |                5814 |            2.749 |
|     98391 |                5779 |            8.727 |
|     35859 |                5646 |            1.042 |
|    212898 |                4290 |            0.003 |
|    278418 |                3996 |            0.16  |
|     76352 |                3329 |            0.147 |
|    110973 |                2971 |            0.813 |
|    235105 |                2943 |            2.775 |
+-----------+---------------------+------------------+